,Mon,Tue,Wed,Thu,Fri,Sat,Sun
Neuro 2,,,,,24.24073116135303,40.40000000000005,2.0944
SRC,74.76753700245804,85.72802051894101,81.70613381943411,79.71497289989328,84.45447864702031,0,0
TPC,79.59946184250545,76.46286843591189,78.67336104674932,72.83815415019767,57.15055093679877,,0
Call 1,,,,,,81.81230769230791,91.2788000000001
Subspecialty Work,16.759999999999998,15.002857142857138,14.35034482758621,12.891000000000002,12.830689655172414,0.8523076923076923,2.3808
PA-Weekend,,,,,,14.43076923076922,13.430800000000005
Call 2,0.9303846153846155,,,,,52.724615384615454,57.349600000000066
BR/US,60.636153846153924,72.0967857142855,63.75758620689659,63.557,59.46206896551731,25.503076923077074,0
PA-GI,12.04653846153845,13.579642857142874,12.615862068965521,10.889000000000005,11.282413793103455,,
MED,66.08769230769244,74.17857142857149,61.14448275862056,58.982333333333365,63.95241379310334,,
Non-Radiologist Interpreted,0.02076923076923077,0.012857142857142857,0.02482758620689655,0.055999999999999994,0.018620689655172412,0.02076923076923077,0
MSK,75.15419652082753,70.82269652082724,69.98223100358621,69.09586318749372,67.8831965208276,15.30076923076923,8.210399999999996
SC-Main,86.51769230769247,92.77571428571389,84.86862068965527,83.42466666666631,92.62448275862093,13.447692307692341,11.07039999999999
WVH,75.35346153846162,68.37214285714282,68.7434482758621,64.52400000000009,34.11482758620694,0,20.748000000000022
IR2,41.15961538461536,38.089642857142806,34.82758620689657,33.872333333333316,9.124482758620697,0.06923076923076923,15.849200000000003
OP2,,,,,,57.091153846153894,
IR1,49.188846153846185,48.61035714285713,48.81758620689653,46.00899999999998,46.48103448275864,0.5215384615384615,0
NM,50.57621465491031,50.93547289666855,41.36014038435328,39.55383003952571,47.70505962028919,5.821923076923071,3.1319999999999997
OVN,70.77615384615403,77.2414285714286,79.94827586206887,73.11600000000003,77.14206896551715,88.36961538461564,76.72520000000007
Neuro 1,73.59216327151114,69.12999294184074,74.36833038026447,72.34977865612643,46.95863370167002,,22.32439999999999
PA Clinic,1.0065384615384616,1.8703571428571428,1.725172413793103,1.9210000000000003,3.589310344827587,,
OP1,,,,,76.56754604642839,,
PA-US,24.616923076923054,23.467857142857135,22.623793103448246,23.076999999999984,25.096206896551692,,
Swing,59.24461538461542,59.659285714285716,56.190344827586095,53.63266666666675,55.212068965517126,,
EVE,83.12076923076951,81.16785714285703,79.91068965517238,81.89033333333334,81.0772413793103,99.36384615384648,101.82960000000001
Schedule Blocks,2.2038836855928268,2.1389935757027168,2.094560078165771,2.104755480464622,2.1097324919588747,0.5076923076923077,0
