,Mon,Tue,Wed,Thu,Fri,Sat,Sun
MED,16726.653846153837,18121.107142857167,15346.931034482763,15010.63333333332,16179.448275862076,,
OP1,,,,,22862.808083564963,,
SC-Main,18276.38461538461,21199.39285714291,18745.20689655168,18227.666666666646,20261.51724137926,1362.9999999999932,1121.040000000002
BR/US,15266.07692307692,16931.535714285703,15512.82758620691,15000.400000000005,14206.44827586209,2613.423076923081,0
IR2,16237.192307692287,14564.357142857145,12557.413793103451,11932.733333333337,5026.137931034482,17.653846153846153,5305.039999999996
PA-Weekend,,,,,,8614.653846153838,7933.559999999999
Call 2,115.38461538461539,,,,,12763.65384615384,14202.32
OVN,17012.1153846154,18532.14285714287,19436.620689655185,17586.7,18651.862068965533,21228.423076923114,18789.160000000007
NM,23619.404682274235,24828.888198757755,16965.035982009,16138.407246376803,22293.15774519968,4045.807692307691,1355.3999999999999
Schedule Blocks,648.0495829859054,724.5276049639275,789.1384424023513,879.9752240115465,789.2418906782132,325.0769230769231,0
Neuro 2,,,,,5417.410902895158,9051.423076923073,487.96000000000004
Call 1,,,,,,21648.07692307697,23998.080000000005
OP2,,,,,,17693.115384615397,
IR1,9801.115384615376,11854.571428571437,10574.82758620689,10024.300000000001,9588,69.23076923076923,0
PA-US,8445.576923076913,7242.285714285712,7396.689655172416,6907.333333333334,7361.275862068971,,
EVE,19117.653846153895,18616.78571428575,18680.862068965547,18764.933333333327,18461.275862068997,24194.07692307705,24872.399999999943
Swing,16286.076923076893,15990.571428571451,15340.931034482765,14579.833333333307,14880.551724137924,,
Non-Radiologist Interpreted,9.923076923076923,6.142857142857143,11.862068965517242,68.6,8.896551724137932,9.923076923076923,0
PA-GI,13308.999999999978,15621.42857142858,14982.379310344864,14592.266666666666,14073.344827586232,,
PA Clinic,546.6153846153845,807.1071428571429,829.5862068965517,1061.9,1353.2068965517249,,
Subspecialty Work,4293.230769230769,4261.107142857143,4584.793103448276,3616.1333333333337,2984.2068965517246,164.30769230769232,406.08
WVH,22008.730769230755,18896.071428571424,19012.20689655174,17385.66666666667,8544.689655172418,0,6514.959999999993
TPC,24758.973396169073,23524.654714850392,24639.046340466128,22097.711857707538,18098.668217848423,,0
Neuro 1,15939.270750988138,14885.163608130993,16126.150061332966,15687.570750988141,9866.773641196432,,4917.120000000001
MSK,25353.74010580828,24591.57252339072,23735.621538168994,23608.51395196211,23535.042227824175,8334.57692307692,4236.560000000003
SRC,12710.758806189078,18607.701113881434,17143.43042422618,17063.23111388137,18254.18214836412,0,0
